Fecha	Hora	Precipitacion	Traza
23/2/1999	0	0.2	0
23/2/1999	6	11.5	0
23/2/1999	12	0	0
23/2/1999	18	0	0
24/2/1999	0	0	0
24/2/1999	6	0	0
24/2/1999	12	0	0
24/2/1999	18	3.2	0
25/2/1999	0	3.5	0
25/2/1999	6	0	0
25/2/1999	12	0	0
25/2/1999	18	1.3	0
18/3/1999	0	0	1
18/3/1999	6	0.8	0
18/3/1999	12	0	0
18/3/1999	18	0.2	0
19/3/1999	0	0	0
19/3/1999	6	0	0
19/3/1999	12	0.3	0
19/3/1999	18	1.5	0
20/3/1999	0	0	0
20/3/1999	6	0	0
20/3/1999	12	0	0
20/3/1999	18	0.1	0
21/3/1999	0	0.5	0
21/3/1999	6	3	0
21/3/1999	12	1	0
21/3/1999	18	0.2	0
10/4/1999	0	7.2	0
10/4/1999	6	7	0
10/4/1999	12	0.2	0
10/4/1999	18	0	0
11/4/1999	0	0.3	0
11/4/1999	6	0	0
11/4/1999	12	0	1
11/4/1999	18	2	0
12/4/1999	0	0.5	0
12/4/1999	6	0.8	0
12/4/1999	12	0	0
12/4/1999	18	0.7	0
13/4/1999	0	0.3	0
13/4/1999	6	2	0
13/4/1999	12	0.3	0
13/4/1999	18	0	1
27/4/1999	0	0	0
27/4/1999	6	0	1
27/4/1999	12	0	0
27/4/1999	18	0	0
28/4/1999	0	0	0
28/4/1999	6	0	1
28/4/1999	12	3	0
28/4/1999	18	7	0
29/4/1999	0	0	0
29/4/1999	6	0	0
29/4/1999	12	0.3	0
29/4/1999	18	0	0
30/4/1999	0	0	0
30/4/1999	6	0	0
30/4/1999	12	0	1
30/4/1999	18	0	1
1/5/1999	0	0.3	0
1/5/1999	6	1	0
1/5/1999	12	2	0
1/5/1999	18	0.2	0
20/5/1999	0	0	1
20/5/1999	6	0	1
20/5/1999	12	0.3	0
20/5/1999	18	1.2	0
21/5/1999	0	2.5	0
21/5/1999	6	0	0
21/5/1999	12	0	0
21/5/1999	18	0.3	0
22/5/1999	0	0.2	0
22/5/1999	6	0	0
22/5/1999	12	0	1
22/5/1999	18	0	1
9/6/1999	0	0	0
9/6/1999	6	5.5	0
9/6/1999	12	0.2	0
9/6/1999	18	0	1
10/6/1999	0	0	1
10/6/1999	6	0	1
10/6/1999	12	0	0
10/6/1999	18	0	0
11/6/1999	0	0	0
11/6/1999	6	0	1
11/6/1999	12	0	1
11/6/1999	18	0	1
12/6/1999	0	0	1
12/6/1999	6	0	1
12/6/1999	12	0	1
12/6/1999	18	0	1
13/6/1999	0	1	0
13/6/1999	6	0	1
13/6/1999	12	2.7	0
13/6/1999	18	1	0
8/7/1999	0	0	1
8/7/1999	6	0	0
8/7/1999	12	0	0
8/7/1999	18	0	0
9/7/1999	0	3	0
9/7/1999	6	0.3	0
9/7/1999	12	1	0
9/7/1999	18	1.8	0
10/7/1999	0	0	0
10/7/1999	6	0.3	0
10/7/1999	12	0	0
10/7/1999	18	0	0
20/9/1999	0	0	1
20/9/1999	6	0	0
20/9/1999	12	0	0
20/9/1999	18	0	0
21/9/1999	0	0	0
21/9/1999	6	0	0
21/9/1999	12	0	0
21/9/1999	18	0.3	0
22/9/1999	0	0	1
22/9/1999	6	1	0
22/9/1999	12	1	0
22/9/1999	18	0	1
12/11/1999	0	0	1
12/11/1999	6	0	1
12/11/1999	12	0	1
12/11/1999	18	0	1
13/11/1999	0	0	0
13/11/1999	6	1.5	0
13/11/1999	12	1.7	0
13/11/1999	18	0	0
14/11/1999	0	0	0
14/11/1999	6	0	0
14/11/1999	12	3	0
14/11/1999	18	7	0
17/11/1999	0	8.7	0
17/11/1999	6	2.8	0
17/11/1999	12	0.2	0
17/11/1999	18	0	0
18/11/1999	0	0	0
18/11/1999	6	0	0
18/11/1999	12	0	0
18/11/1999	18	0.8	0
19/11/1999	0	0.7	0
19/11/1999	6	0.3	0
19/11/1999	12	2	0
19/11/1999	18	3.4	0
24/12/1999	0	0	0
24/12/1999	6	0	0
24/12/1999	12	0	0
24/12/1999	18	1	0
25/12/1999	0	0	1
25/12/1999	6	0.5	0
25/12/1999	12	0	0
25/12/1999	18	0	0
26/12/1999	0	0	0
26/12/1999	6	0	0
26/12/1999	12	0	0
26/12/1999	18	0	0
27/12/1999	0	0.5	0
27/12/1999	6	0.3	0
27/12/1999	12	0.2	0
27/12/1999	18	0	0
28/12/1999	0	0	1
28/12/1999	6	0.8	0
28/12/1999	12	0.2	0
28/12/1999	18	0.3	0
12/1/2003	0	0	0
12/1/2003	6	7.8	0
12/1/2003	12	6.6	0
12/1/2003	18	0	0
13/1/2003	0	0	0
13/1/2003	6	0.7	0
13/1/2003	12	0.3	0
13/1/2003	18	0	0
14/1/2003	0	0	0
14/1/2003	6	0	0
14/1/2003	12	0	1
14/1/2003	18	0	0
14/7/2003	0	0.6	0
14/7/2003	6	0	0
14/7/2003	12	0	0
14/7/2003	18	0	0
15/7/2003	0	0	0
15/7/2003	6	0	0
15/7/2003	12	0	0
15/7/2003	18	0	0
16/7/2003	0	0	0
16/7/2003	6	0	1
16/7/2003	12	0	1
16/7/2003	18	0	0
17/7/2003	0	2	0
17/7/2003	6	2.6	0
17/7/2003	12	1.6	0
17/7/2003	18	3.8	0
18/7/2003	0	3	0
18/7/2003	6	0.2	0
18/7/2003	12	0	1
18/7/2003	18	0	0
19/7/2003	0	0	0
19/7/2003	6	0	1
19/7/2003	12	1	0
19/7/2003	18	2	0
29/7/2003	0	3	0
29/7/2003	6	2	0
29/7/2003	12	0	0
29/7/2003	18	1	0
30/7/2003	0	0	0
30/7/2003	6	0	0
30/7/2003	12	0	0
30/7/2003	18	0	0
31/7/2003	0	0	0
31/7/2003	6	0	0
31/7/2003	12	0	0
31/7/2003	18	0	0
1/8/2003	0	0	0
1/8/2003	6	0	1
1/8/2003	12	3	0
1/8/2003	18	0.6	0
6/8/2003	0	0	0
6/8/2003	6	0	0
6/8/2003	12	0	0
6/8/2003	18	0	0
7/8/2003	0	2	0
7/8/2003	6	1	0
7/8/2003	12	1.8	0
7/8/2003	18	0.2	0
8/8/2003	0	0.4	0
8/8/2003	6	0.2	0
8/8/2003	12	0	1
8/8/2003	18	0.2	0
9/8/2003	0	0	0
9/8/2003	6	2	0
9/8/2003	12	3.2	0
9/8/2003	18	3.2	0
10/8/2003	0	2	0
10/8/2003	6	0.3	0
10/8/2003	12	0	0
10/8/2003	18	0	0
11/8/2003	0	0	1
11/8/2003	6	0	0
11/8/2003	12	0	0
11/8/2003	18	0	0
15/8/2003	0	0	0
15/8/2003	6	0	0
15/8/2003	12	0	0
15/8/2003	18	0	0
16/8/2003	0	0	0
16/8/2003	6	0	0
16/8/2003	12	0	1
16/8/2003	18	0.6	0
17/8/2003	0	1.4	0
17/8/2003	6	0	0
17/8/2003	12	0	0
17/8/2003	18	0	0
27/8/2003	0	3	0
27/8/2003	6	0	0
27/8/2003	12	0	0
27/8/2003	18	0	0
28/8/2003	0	0	1
28/8/2003	6	0	0
28/8/2003	12	0	1
28/8/2003	18	0	0
29/8/2003	0	0.2	0
29/8/2003	6	0	0
29/8/2003	12	0	0
29/8/2003	18	0	0
30/8/2003	0	0	0
30/8/2003	6	0	0
30/8/2003	12	0	1
30/8/2003	18	1	0
31/8/2003	0	0	1
31/8/2003	6	0	0
31/8/2003	12	0	0
31/8/2003	18	0	0
1/9/2003	0	0.2	0
1/9/2003	6	0	1
1/9/2003	12	0	1
1/9/2003	18	0	0
2/9/2003	0	0	0
2/9/2003	6	0	1
2/9/2003	12	0	1
2/9/2003	18	0	1
17/9/2003	0	0	1
17/9/2003	6	0.4	0
17/9/2003	12	0.6	0
17/9/2003	18	0.4	0
18/9/2003	0	0.4	0
18/9/2003	6	0.5	0
18/9/2003	12	0.4	0
18/9/2003	18	1	0
19/9/2003	0	0.1	0
19/9/2003	6	0.6	0
19/9/2003	12	0	0
19/9/2003	18	0.6	0
20/9/2003	0	0	1
20/9/2003	6	1	0
20/9/2003	12	0	0
20/9/2003	18	0	0
21/9/2003	0	0	0
21/9/2003	6	0	0
21/9/2003	12	0.2	0
21/9/2003	18	0	1
22/9/2003	0	0	0
22/9/2003	6	0	0
22/9/2003	12	0	0
22/9/2003	18	0	0
23/9/2003	0	0	1
23/9/2003	6	0	1
23/9/2003	12	0	0
23/9/2003	18	0.2	0
24/9/2003	0	0	0
24/9/2003	6	0	1
24/9/2003	12	0	0
24/9/2003	18	0	0
25/9/2003	0	0	0
25/9/2003	6	0.2	0
25/9/2003	12	0.2	0
25/9/2003	18	0	0
26/9/2003	0	0	0
26/9/2003	6	0	0
26/9/2003	12	0	0
26/9/2003	18	0	0
27/9/2003	0	0	0
27/9/2003	6	1.2	0
27/9/2003	12	1.8	0
27/9/2003	18	1.2	0
31/3/2004	0	0.1	0
31/3/2004	6	0.2	0
31/3/2004	12	1.1	0
31/3/2004	18	1	0
1/4/2004	0	4.2	0
1/4/2004	6	2.8	0
1/4/2004	12	0	1
1/4/2004	18	0	0
2/4/2004	0	0.6	0
2/4/2004	6	1	0
2/4/2004	12	0	0
2/4/2004	18	0	0
3/4/2004	0	0.3	0
3/4/2004	6	0.2	0
3/4/2004	12	0	1
3/4/2004	18	0	0
1/6/2004	0	0	0
1/6/2004	6	0	0
1/6/2004	12	0	0
1/6/2004	18	0.6	0
2/6/2004	0	1.2	0
2/6/2004	6	0	1
2/6/2004	12	0.8	0
2/6/2004	18	0	0
3/6/2004	0	0	0
3/6/2004	6	0.4	0
3/6/2004	12	0.1	0
3/6/2004	18	0	0
4/6/2004	0	0	0
4/6/2004	6	3.6	0
4/6/2004	12	0	0
4/6/2004	18	0.8	0
5/6/2004	0	0	0
5/6/2004	6	0.8	0
5/6/2004	12	0	0
5/6/2004	18	0	1
17/7/2004	0	0	0
17/7/2004	6	0	0
17/7/2004	12	0	0
17/7/2004	18	0	0
18/7/2004	0	0	0
18/7/2004	6	0	0
18/7/2004	12	0	0
18/7/2004	18	0.2	0
19/7/2004	0	0	0
19/7/2004	6	0	0
19/7/2004	12	0	0
19/7/2004	18	1	0
20/7/2004	0	3.8	0
20/7/2004	6	0.4	0
20/7/2004	12	0	0
20/7/2004	18	0.2	0
21/7/2004	0	0	0
21/7/2004	6	0	0
21/7/2004	12	0	0
21/7/2004	18	0	0
22/7/2004	0	0	0
22/7/2004	6	0	1
22/7/2004	12	0	0
22/7/2004	18	0	0
23/7/2004	0	0	0
23/7/2004	6	0.4	0
23/7/2004	12	0.3	0
23/7/2004	18	0	0
17/11/2004	0	1.8	0
17/11/2004	6	0.2	0
17/11/2004	12	0.8	0
17/11/2004	18	0	1
18/11/2004	0	0.8	0
18/11/2004	6	0.2	0
18/11/2004	12	2.4	0
18/11/2004	18	0.8	0
19/11/2004	0	0	0
19/11/2004	6	0	0
19/11/2004	12	0	0
19/11/2004	18	0	0
20/11/2004	0	0	0
20/11/2004	6	0	0
20/11/2004	12	0	0
20/11/2004	18	0	0
9/12/2004	0	0	0
9/12/2004	6	0	0
9/12/2004	12	1.6	0
9/12/2004	18	0	0
10/12/2004	0	0	0
10/12/2004	6	0	0
10/12/2004	12	0	0
10/12/2004	18	0	0
11/12/2004	0	0	0
11/12/2004	6	0	0
11/12/2004	12	0	0
11/12/2004	18	0	0
9/2/2005	0	2.6	0
9/2/2005	6	0	0
9/2/2005	12	0.2	0
9/2/2005	18	0	0
10/2/2005	0	0	0
10/2/2005	6	0	0
10/2/2005	12	0.2	0
10/2/2005	18	3	0
11/2/2005	0	1.6	0
11/2/2005	6	0.2	0
11/2/2005	12	0.2	0
11/2/2005	18	0	1
12/2/2005	0	0.2	0
12/2/2005	6	4.6	0
12/2/2005	12	3.6	0
12/2/2005	18	2	0
8/8/2005	0	0	0
8/8/2005	6	0	0
8/8/2005	12	0	1
8/8/2005	18	0	0
9/8/2005	0	0	1
9/8/2005	6	5	0
9/8/2005	12	0.4	0
9/8/2005	18	0	0
10/8/2005	0	0	0
10/8/2005	6	0	0
10/8/2005	12	0	0
10/8/2005	18	0	1
