Fecha	Hora	dd	ff
23/2/1999	0	30	22
23/2/1999	6	320	18
23/2/1999	12	320	16
23/2/1999	18	300	22
24/2/1999	0	300	22
24/2/1999	6	310	22
24/2/1999	12	350	30
24/2/1999	18	360	21
25/2/1999	0	10	23
25/2/1999	6	280	25
25/2/1999	12	350	13
25/2/1999	18	330	6
18/3/1999	0	300	32
18/3/1999	6	290	30
18/3/1999	12	290	24
18/3/1999	18	310	18
19/3/1999	0	360	23
19/3/1999	6	330	26
19/3/1999	12	340	28
19/3/1999	18	310	18
20/3/1999	0	340	14
20/3/1999	6	360	14
20/3/1999	12	20	6
20/3/1999	18	20	4
21/3/1999	0	20	25
21/3/1999	6	330	20
21/3/1999	12	320	27
21/3/1999	18	300	12
10/4/1999	0	330	29
10/4/1999	6	280	32
10/4/1999	12	270	37
10/4/1999	18	250	41
11/4/1999	0	240	32
11/4/1999	6	250	16
11/4/1999	12	350	20
11/4/1999	18	320	19
12/4/1999	0	340	14
12/4/1999	6	340	19
12/4/1999	12	340	16
12/4/1999	18	290	22
13/4/1999	0	320	15
13/4/1999	6	300	29
13/4/1999	12	300	40
13/4/1999	18	280	26
27/4/1999	0	340	20
27/4/1999	6	300	25
27/4/1999	12	290	16
27/4/1999	18	280	24
28/4/1999	0	290	27
28/4/1999	6	300	27
28/4/1999	12	300	16
28/4/1999	18	250	17
29/4/1999	0	250	31
29/4/1999	6	250	20
29/4/1999	12	240	23
29/4/1999	18	270	20
30/4/1999	0	330	7
30/4/1999	6	350	19
30/4/1999	12	350	22
30/4/1999	18	20	28
1/5/1999	0	360	26
1/5/1999	6	10	28
1/5/1999	12	340	19
1/5/1999	18	350	17
20/05/1999	0	340	27
20/05/1999	6	330	22
20/05/1999	12	340	26
20/05/1999	18	350	28
21/05/1999	0	330	20
21/05/1999	6	290	15
21/05/1999	12	350	17
21/05/1999	18	350	14
22/05/1999	0	280	12
22/05/1999	6	320	7
22/05/1999	12	20	8
22/05/1999	18	350	16
9/06/1999	0	320	20
9/06/1999	6	320	30
9/06/1999	12	320	22
9/06/1999	18	290	18
10/06/1999	0	300	27
10/06/1999	6	290	25
10/06/1999	12	260	28
10/06/1999	18	270	17
11/06/1999	0	250	6
11/06/1999	6	320	3
11/06/1999	12	350	12
11/06/1999	18	340	16
12/06/1999	0	350	22
12/06/1999	6	320	18
12/06/1999	12	340	20
12/06/1999	18	350	20
13/06/1999	0	330	20
13/06/1999	6	320	22
13/06/1999	12	340	22
13/06/1999	18	60	21
8/7/1999	0	290	9
8/7/1999	6	290	9
8/7/1999	12	330	5
8/7/1999	18	10	8
9/7/1999	0	10	12
9/7/1999	6	360	30
9/7/1999	12	350	12
9/7/1999	18	320	18
10/7/1999	0	320	19
10/7/1999	6	300	33
10/7/1999	12	290	34
10/7/1999	18	260	26
20/09/1999	0	10	23
20/09/1999	6	350	16
20/09/1999	12	340	11
20/09/1999	18	280	6
21/09/1999	0	360	22
21/09/1999	6	350	16
21/09/1999	12	350	22
21/09/1999	18	10	34
22/09/1999	0	10	28
22/09/1999	6	360	18
22/09/1999	12	300	20
22/09/1999	18	290	17
12/11/1999	0	10	11
12/11/1999	6	360	11
12/11/1999	12	10	25
12/11/1999	18	300	16
13/11/1999	0	360	12
13/11/1999	6	320	23
13/11/1999	12	340	30
13/11/1999	18	320	23
14/11/1999	0	320	17
14/11/1999	6	10	7
14/11/1999	12	150	9
14/11/1999	18	40	18
17/11/1999	0	330	37
17/11/1999	6	280	29
17/11/1999	12	290	27
17/11/1999	18	290	32
18/11/1999	0	290	28
18/11/1999	6	290	25
18/11/1999	12	300	24
18/11/1999	18	300	26
19/11/1999	0	300	24
19/11/1999	6	320	19
19/11/1999	12	340	27
19/11/1999	18	350	22
24/12/1999	0	340	9
24/12/1999	6	10	11
24/12/1999	12	10	17
24/12/1999	18	10	11
25/12/1999	0	20	3
25/12/1999	6	NA	NA
25/12/1999	12	NA	NA
25/12/1999	18	250	2
26/12/1999	0	330	7
26/12/1999	6	10	17
26/12/1999	12	10	20
26/12/1999	18	10	19
27/12/1999	0	10	24
27/12/1999	6	340	28
27/12/1999	12	310	26
27/12/1999	18	310	23
28/12/1999	0	320	26
28/12/1999	6	320	22
28/12/1999	12	320	20
28/12/1999	18	10	14
12/1/2003	0	360	25
12/1/2003	6	360	45
12/1/2003	12	360	15
12/1/2003	18	360	18
13/1/2003	0	360	15
13/1/2003	6	360	11
13/1/2003	12	360	13
13/1/2003	18	360	14
14/1/2003	0	360	14
14/1/2003	6	360	18
14/1/2003	12	320	10
14/1/2003	18	270	12
14/07/2003	0	290	11
14/07/2003	6	260	7
14/07/2003	12	280	10
14/07/2003	18	310	6
15/07/2003	0	340	6
15/07/2003	6	330	8
15/07/2003	12	330	7
15/07/2003	18	320	7
16/07/2003	0	340	6
16/07/2003	6	340	17
16/07/2003	12	290	6
16/07/2003	18	280	10
17/07/2003	0	360	18
17/07/2003	6	320	28
17/07/2003	12	330	24
17/07/2003	18	360	20
18/07/2003	0	360	12
18/07/2003	6	330	22
18/07/2003	12	330	26
18/07/2003	18	280	31
19/07/2003	0	280	30
19/07/2003	6	320	9
19/07/2003	12	330	18
19/07/2003	18	10	12
29/07/2003	0	220	22
29/07/2003	6	260	18
29/07/2003	12	320	15
29/07/2003	18	330	35
30/07/2003	0	290	40
30/07/2003	6	300	25
30/07/2003	12	250	32
30/07/2003	18	270	31
31/07/2003	0	270	15
31/07/2003	6	270	22
31/07/2003	12	260	21
31/07/2003	18	280	15
1/08/2003	0	300	17
1/08/2003	6	320	26
1/08/2003	12	340	30
1/08/2003	18	290	10
6/08/2003	0	280	15
6/08/2003	6	280	9
6/08/2003	12	300	9
6/08/2003	18	330	20
7/08/2003	0	360	18
7/08/2003	6	360	18
7/08/2003	12	340	15
7/08/2003	18	360	22
8/08/2003	0	350	18
8/08/2003	6	310	10
8/08/2003	12	300	12
8/08/2003	18	290	31
9/08/2003	0	310	16
9/08/2003	6	330	24
9/08/2003	12	300	32
9/08/2003	18	310	38
10/08/2003	0	320	38
10/08/2003	6	270	36
10/08/2003	12	260	28
10/08/2003	18	310	18
11/08/2003	0	290	27
11/08/2003	6	290	25
11/08/2003	12	280	21
11/08/2003	18	330	24
15/08/2003	0	270	38
15/08/2003	6	270	32
15/08/2003	12	270	45
15/08/2003	18	280	32
16/08/2003	0	300	35
16/08/2003	6	300	33
16/08/2003	12	350	28
16/08/2003	18	360	40
17/08/2003	0	330	33
17/08/2003	6	300	40
17/08/2003	12	300	30
17/08/2003	18	320	10
27/08/2003	0	320	13
27/08/2003	6	270	19
27/08/2003	12	250	7
27/08/2003	18	290	18
28/08/2003	0	270	11
28/08/2003	6	290	10
28/08/2003	12	300	7
28/08/2003	18	330	6
29/08/2003	0	360	6
29/08/2003	6	330	6
29/08/2003	12	320	6
29/08/2003	18	300	31
30/08/2003	0	300	25
30/08/2003	6	290	24
30/08/2003	12	330	19
30/08/2003	18	320	20
31/08/2003	0	300	18
31/08/2003	6	270	25
31/08/2003	12	270	22
31/08/2003	18	300	15
1/09/2003	0	300	18
1/09/2003	6	280	14
1/09/2003	12	270	15
1/09/2003	18	280	11
2/09/2003	0	350	12
2/09/2003	6	360	24
2/09/2003	12	350	19
2/09/2003	18	300	40
17/09/2003	0	330	19
17/09/2003	6	330	15
17/09/2003	12	330	22
17/09/2003	18	330	30
18/09/2003	0	330	30
18/09/2003	6	340	19
18/09/2003	12	360	12
18/09/2003	18	360	17
19/09/2003	0	360	20
19/09/2003	6	320	6
19/09/2003	12	330	4
19/09/2003	18	360	17
20/09/2003	0	360	20
20/09/2003	6	360	15
20/09/2003	12	350	14
20/09/2003	18	280	10
21/09/2003	0	350	15
21/09/2003	6	320	35
21/09/2003	12	300	35
21/09/2003	18	330	30
22/09/2003	0	330	20
22/09/2003	6	340	28
22/09/2003	12	350	30
22/09/2003	18	350	32
23/09/2003	0	350	30
23/09/2003	6	320	17
23/09/2003	12	350	14
23/09/2003	18	320	16
24/09/2003	0	350	16
24/09/2003	6	300	22
24/09/2003	12	320	15
24/09/2003	18	300	20
25/09/2003	0	300	18
25/09/2003	6	300	26
25/09/2003	12	300	30
25/09/2003	18	320	21
26/09/2003	0	350	26
26/09/2003	6	350	18
26/09/2003	12	350	16
26/09/2003	18	310	10
27/09/2003	0	40	4
27/09/2003	6	360	12
27/09/2003	12	360	20
27/09/2003	18	360	9
31/3/2004	0	360	14
31/3/2004	6	360	17
31/3/2004	12	10	26
31/3/2004	18	350	19
1/4/2004	0	350	18
1/4/2004	6	320	13
1/4/2004	12	300	17
1/4/2004	18	350	18
2/4/2004	0	350	18
2/4/2004	6	350	14
2/4/2004	12	10	17
2/4/2004	18	10	10
3/4/2004	0	360	18
3/4/2004	6	350	14
3/4/2004	12	340	5
3/4/2004	18	100	3
1/06/2004	0	340	8
1/06/2004	6	320	5
1/06/2004	12	10	10
1/06/2004	18	360	14
2/06/2004	0	360	16
2/06/2004	6	310	15
2/06/2004	12	290	26
2/06/2004	18	300	20
3/06/2004	0	350	13
3/06/2004	6	360	15
3/06/2004	12	330	8
3/06/2004	18	100	9
4/06/2004	0	90	23
4/06/2004	6	360	17
4/06/2004	12	360	7
4/06/2004	18	360	21
5/06/2004	0	360	15
5/06/2004	6	350	25
5/06/2004	12	320	20
5/06/2004	18	20	17
17/07/2004	0	240	28
17/07/2004	6	230	31
17/07/2004	12	260	11
17/07/2004	18	270	21
18/07/2004	0	290	12
18/07/2004	6	320	11
18/07/2004	12	310	16
18/07/2004	18	300	20
19/07/2004	0	280	20
19/07/2004	6	280	12
19/07/2004	12	330	22
19/07/2004	18	350	30
20/07/2004	0	360	30
20/07/2004	6	350	22
20/07/2004	12	290	34
20/07/2004	18	270	35
21/07/2004	0	280	21
21/07/2004	6	340	20
21/07/2004	12	340	17
21/07/2004	18	320	18
22/07/2004	0	330	15
22/07/2004	6	360	18
22/07/2004	12	330	15
22/07/2004	18	250	24
23/07/2004	0	340	15
23/07/2004	6	290	30
23/07/2004	12	310	36
23/07/2004	18	260	26
17/11/2004	0	300	24
17/11/2004	6	280	13
17/11/2004	12	320	21
17/11/2004	18	310	22
18/11/2004	0	300	26
18/11/2004	6	300	18
18/11/2004	12	350	24
18/11/2004	18	350	32
19/11/2004	0	270	28
19/11/2004	6	270	20
19/11/2004	12	300	23
19/11/2004	18	300	18
20/11/2004	0	270	17
20/11/2004	6	320	12
20/11/2004	12	360	20
20/11/2004	18	360	26
9/12/2004	0	320	6
9/12/2004	6	350	19
9/12/2004	12	360	21
9/12/2004	18	280	18
10/12/2004	0	320	16
10/12/2004	6	330	12
10/12/2004	12	260	8
10/12/2004	18	240	6
11/12/2004	0	120	22
11/12/2004	6	100	30
11/12/2004	12	100	40
11/12/2004	18	110	40
9/2/2005	0	270	25
9/2/2005	6	250	20
9/2/2005	12	230	13
9/2/2005	18	250	9
10/2/2005	0	300	9
10/2/2005	6	360	12
10/2/2005	12	340	18
10/2/2005	18	330	27
11/2/2005	0	270	21
11/2/2005	6	280	18
11/2/2005	12	280	29
11/2/2005	18	290	32
12/2/2005	0	290	30
12/2/2005	6	290	40
12/2/2005	12	300	31
12/2/2005	18	300	22
8/08/2005	0	260	15
8/08/2005	6	310	19
8/08/2005	12	330	21
8/08/2005	18	350	17
9/08/2005	0	360	23
9/08/2005	6	330	23
9/08/2005	12	310	17
9/08/2005	18	330	23
10/08/2005	0	290	26
10/08/2005	6	320	15
10/08/2005	12	360	11
10/08/2005	18	30	15
